 -3.92903592e-04
 -4.92842868e-04
 -6.13869455e-04
 -7.70000256e-04
 -9.74469274e-04
 -1.23756501e-03
 -1.57103553e-03
 -1.98808252e-03
 -2.45406514e-03
 -3.07777870e-03
 -3.89431850e-03
 -4.94452191e-03
 -6.27489799e-03
 -7.93753249e-03
 -9.79372329e-03
 -1.22756868e-02
 -1.52763889e-02
 -1.91394545e-02
 -2.49527791e-02
 -3.15155793e-02
 -3.88184438e-02
 -4.85440519e-02
 -6.02427823e-02
 -7.52084253e-02
 -9.45953084e-02
 -1.19193644e-01
 -1.49823506e-01
 -1.87293181e-01
 -2.28098190e-01
 -2.81037535e-01
 -3.47594307e-01
 -4.28922355e-01
 -5.25616182e-01
 -6.37514552e-01
 -7.52054824e-01
 -8.90397212e-01
 -1.03851010e+00
 -1.20393146e+00
 -1.41111267e+00
 -1.60000000e+00
 -1.76953372e+00
 -1.94812277e+00
 -2.11357845e+00
 -2.27310226e+00
 -2.42415579e+00
 -2.56046908e+00
 -2.67897091e+00
 -2.77914694e+00
 -2.85554125e+00
 -2.92505568e+00
 -2.98497731e+00
 -3.03469445e+00
 -3.07487424e+00
 -3.10677813e+00
 -3.12986764e+00
 -3.14990873e+00
 -3.16535228e+00
 -3.17783917e+00
 -3.18872869e+00
 -3.19529439e+00
 -3.19884302e+00
