 -5.10476541e+000
 -5.75319316e+000
 -6.46846359e+000
 -7.31149374e+000
 -8.32033015e+000
 -9.50765344e+000
 -1.08867679e+001
 -1.24689219e+001
 -1.40942225e+001
 -1.60800736e+001
 -1.83993608e+001
 -2.09638487e+001
 -2.35959970e+001
 -2.60253964e+001
 -2.77980553e+001
 -2.90097819e+001
 -2.93194262e+001
 -2.87265241e+001
 -2.70670697e+001
 -2.50924342e+001
 -2.32022197e+001
 -2.12576425e+001
 -1.96046669e+001
 -1.82383084e+001
 -1.71486860e+001
 -1.63423750e+001
 -1.57924048e+001
 -1.54553397e+001
 -1.52941136e+001
 -1.52379612e+001
 -1.52781107e+001
 -1.53911983e+001
 -1.55467187e+001
 -1.57101193e+001
 -1.58271571e+001
 -1.58736121e+001
 -1.58775910e+001
 -1.58547094e+001
 -1.58004021e+001
 -1.57310612e+001
 -1.56528844e+001
 -1.55517365e+001
 -1.54362540e+001
 -1.52979403e+001
 -1.51319304e+001
 -1.49379857e+001
 -1.47159873e+001
 -1.44658245e+001
 -1.42127688e+001
 -1.39059174e+001
 -1.35440338e+001
 -1.31256322e+001
 -1.26487980e+001
 -1.21109774e+001
 -1.15639636e+001
 -1.08938988e+001
 -1.01486289e+001
 -9.25895391e+000
 -8.01083992e+000
 -6.66954597e+000
 -5.19710790e+000
