 -9.90370241e-180
 -2.87706130e-003
 -7.22082490e-003
 -1.42083888e-002
 -2.56977630e-002
 -4.43300203e-002
 -7.40324721e-002
 -1.20415939e-001
 -1.83737794e-001
 -2.85921645e-001
 -4.45967082e-001
 -6.86482646e-001
 -1.02838552e+000
 -1.48140584e+000
 -1.98250675e+000
 -2.59903376e+000
 -3.23006077e+000
 -3.86024036e+000
 -4.50851672e+000
 -4.96155305e+000
 -5.26907868e+000
 -5.50951782e+000
 -5.67147827e+000
 -5.79210114e+000
 -5.89272171e+000
 -5.98312543e+000
 -6.07163363e+000
 -6.16383773e+000
 -6.25390071e+000
 -6.36114179e+000
 -6.48569172e+000
 -6.62697366e+000
 -6.78378627e+000
 -6.95453276e+000
 -7.12099350e+000
 -7.30581796e+000
 -7.48473993e+000
 -7.66927358e+000
 -7.88661102e+000
 -8.07826506e+000
 -8.24968024e+000
 -8.43404214e+000
 -8.61267691e+000
 -8.79702036e+000
 -8.98860441e+000
 -9.18305143e+000
 -9.37717369e+000
 -9.56875123e+000
 -9.74012250e+000
 -9.92445370e+000
 -1.01160297e+001
 -1.03104715e+001
 -1.05045905e+001
 -1.06961660e+001
 -1.08675360e+001
 -1.10518664e+001
 -1.12304815e+001
 -1.14148118e+001
 -1.16320020e+001
 -1.18235773e+001
 -1.19949473e+001
