 -3.61618871e+000 -3.00837026e+000 -2.40334991e+000 -1.80056285e+000 -1.19944772e+000 -5.99445778e-001 0.00000000e+000 5.99445778e-001 1.19944772e+000 1.80056285e+000 2.40334991e+000 3.00837026e+000 3.61618871e+000
 -4.06631575e+000 -3.38269442e+000 -2.70229883e+000 -2.02447738e+000 -1.34858277e+000 -6.73970958e-001 0.00000000e+000 6.73970958e-001 1.34858277e+000 2.02447738e+000 2.70229883e+000 3.38269442e+000 4.06631575e+000
 -4.55993847e+000 -3.79314294e+000 -3.03006758e+000 -2.26996043e+000 -1.51207482e+000 -7.55668030e-001 0.00000000e+000 7.55668030e-001 1.51207482e+000 2.26996043e+000 3.03006758e+000 3.79314294e+000 4.55993847e+000
 -5.13796596e+000 -4.27371352e+000 -3.41379343e+000 -2.55732947e+000 -1.70345194e+000 -8.51295979e-001 0.00000000e+000 8.51295979e-001 1.70345194e+000 2.55732947e+000 3.41379343e+000 4.27371352e+000 5.13796596e+000
 -5.82479914e+000 -4.84466549e+000 -3.86963484e+000 -2.89867475e+000 -1.93076067e+000 -9.64873983e-001 0.00000000e+000 9.64873983e-001 1.93076067e+000 2.89867475e+000 3.86963484e+000 4.84466549e+000 5.82479914e+000
 -6.62749681e+000 -5.51184052e+000 -4.40223816e+000 -3.29746511e+000 -2.19630596e+000 -1.09755221e+000 0.00000000e+000 1.09755221e+000 2.19630596e+000 3.29746511e+000 4.40223816e+000 5.51184052e+000 6.62749681e+000
 -7.55461364e+000 -6.28234101e+000 -5.01726706e+000 -3.75793726e+000 -2.50290685e+000 -1.25073853e+000 0.00000000e+000 1.25073853e+000 2.50290685e+000 3.75793726e+000 5.01726706e+000 6.28234101e+000 7.55461364e+000
 -8.61586389e+000 -7.16427533e+000 -5.72121503e+000 -4.28496441e+000 -2.85381334e+000 -1.42605824e+000 0.00000000e+000 1.42605824e+000 2.85381334e+000 4.28496441e+000 5.72121503e+000 7.16427533e+000 8.61586389e+000
 -9.71007770e+000 -8.07367066e+000 -6.44712106e+000 -4.82845150e+000 -3.21568820e+000 -1.60686050e+000 0.00000000e+000 1.60686050e+000 3.21568820e+000 4.82845150e+000 6.44712106e+000 8.07367066e+000 9.71007770e+000
 -1.10647855e+001 -9.19986592e+000 -7.34627333e+000 -5.50175498e+000 -3.66404913e+000 -1.83088796e+000 0.00000000e+000 1.83088796e+000 3.66404913e+000 5.50175498e+000 7.34627333e+000 9.19986592e+000 1.10647855e+001
 -1.26956061e+001 -1.05564488e+001 -8.42990571e+000 -6.31350750e+000 -4.20474812e+000 -2.10109534e+000 0.00000000e+000 2.10109534e+000 4.20474812e+000 6.31350750e+000 8.42990571e+000 1.05564488e+001 1.26956061e+001
 -1.46069566e+001 -1.21482995e+001 -9.70269414e+000 -7.26765979e+000 -4.84062803e+000 -2.41896631e+000 0.00000000e+000 2.41896631e+000 4.84062803e+000 7.26765979e+000 9.70269414e+000 1.21482995e+001 1.46069566e+001
 -1.67772332e+001 -1.39594796e+001 -1.11532334e+001 -8.35643961e+000 -5.56687832e+000 -2.78220660e+000 0.00000000e+000 2.78220660e+000 5.56687832e+000 8.35643961e+000 1.11532334e+001 1.39594796e+001 1.67772332e+001
 -1.91388798e+001 -1.59364961e+001 -1.27405915e+001 -9.55024649e+000 -6.36429250e+000 -3.18137192e+000 0.00000000e+000 3.18137192e+000 6.36429250e+000 9.55024649e+000 1.27405915e+001 1.59364961e+001 1.91388798e+001
 -2.13506842e+001 -1.77955675e+001 -1.42382012e+001 -1.06794640e+001 -7.11995518e+000 -3.56005624e+000 0.00000000e+000 3.56005624e+000 7.11995518e+000 1.06794640e+001 1.42382012e+001 1.77955675e+001 2.13506842e+001
 -2.36668449e+001 -1.97519426e+001 -1.58206188e+001 -1.18764428e+001 -7.92280373e+000 -3.96294362e+000 0.00000000e+000 3.96294362e+000 7.92280373e+000 1.18764428e+001 1.58206188e+001 1.97519426e+001 2.36668449e+001
 -2.56119603e+001 -2.14038476e+001 -1.71628397e+001 -1.28953813e+001 -8.60801233e+000 -4.30733731e+000 0.00000000e+000 4.30733731e+000 8.60801233e+000 1.28953813e+001 1.71628397e+001 2.14038476e+001 2.56119603e+001
 -2.70210684e+001 -2.26063199e+001 -1.81438632e+001 -1.36425375e+001 -9.11164180e+000 -4.56083048e+000 0.00000000e+000 4.56083048e+000 9.11164180e+000 1.36425375e+001 1.81438632e+001 2.26063199e+001 2.70210684e+001
 -2.75709672e+001 -2.30770027e+001 -1.85288542e+001 -1.39363563e+001 -9.30999317e+000 -4.66075913e+000 0.00000000e+000 4.66075913e+000 9.30999317e+000 1.39363563e+001 1.85288542e+001 2.30770027e+001 2.75709672e+001
 -2.69476304e+001 -2.25435230e+001 -1.80925422e+001 -1.36033967e+001 -9.08523173e+000 -4.54752921e+000 0.00000000e+000 4.54752921e+000 9.08523173e+000 1.36033967e+001 1.80925422e+001 2.25435230e+001 2.69476304e+001
 -2.56118453e+001 -2.14037497e+001 -1.71627599e+001 -1.28953206e+001 -8.60797148e+000 -4.30731677e+000 0.00000000e+000 4.30731677e+000 8.60797148e+000 1.28953206e+001 1.71627599e+001 2.14037497e+001 2.56118453e+001
 -2.35979679e+001 -1.96936057e+001 -1.57733256e+001 -1.18406049e+001 -7.89873512e+000 -3.95085603e+000 0.00000000e+000 3.95085603e+000 7.89873512e+000 1.18406049e+001 1.57733256e+001 1.96936057e+001 2.35979679e+001
 -2.13500616e+001 -1.77950431e+001 -1.42377779e+001 -1.06791444e+001 -7.11974106e+000 -3.55994887e+000 0.00000000e+000 3.55994887e+000 7.11974106e+000 1.06791444e+001 1.42377779e+001 1.77950431e+001 2.13500616e+001
 -1.89729400e+001 -1.57973339e+001 -1.26286945e+001 -9.46599664e+000 -6.30797162e+000 -3.15316549e+000 0.00000000e+000 3.15316549e+000 6.30797162e+000 9.46599664e+000 1.26286945e+001 1.57973339e+001 1.89729400e+001
 -1.66232236e+001 -1.38307940e+001 -1.10500686e+001 -8.27894402e+000 -5.51515805e+000 -2.75632982e+000 0.00000000e+000 2.75632982e+000 5.51515805e+000 8.27894402e+000 1.10500686e+001 1.38307940e+001 1.66232236e+001
 -1.44661000e+001 -1.20308983e+001 -9.60876636e+000 -7.19721303e+000 -4.79366419e+000 -2.39548480e+000 0.00000000e+000 2.39548480e+000 4.79366419e+000 7.19721303e+000 9.60876636e+000 1.20308983e+001 1.44661000e+001
 -1.25753727e+001 -1.04563908e+001 -8.34995250e+000 -6.25359865e+000 -4.16483620e+000 -2.08114769e+000 0.00000000e+000 2.08114769e+000 4.16483620e+000 6.25359865e+000 8.34995250e+000 1.04563908e+001 1.25753727e+001
 -1.09603655e+001 -9.11304156e+000 -7.27694156e+000 -5.44983152e+000 -3.62946967e+000 -1.81360915e+000 0.00000000e+000 1.81360915e+000 3.62946967e+000 5.44983152e+000 7.27694156e+000 9.11304156e+000 1.09603655e+001
 -9.70711837e+000 -8.07121097e+000 -6.44515753e+000 -4.82698133e+000 -3.21470927e+000 -1.60637139e+000 0.00000000e+000 1.60637139e+000 3.21470927e+000 4.82698133e+000 6.44515753e+000 8.07121097e+000 9.70711837e+000
 -8.53560561e+000 -7.09757732e+000 -5.66797727e+000 -4.24510660e+000 -2.82727509e+000 -1.41279921e+000 0.00000000e+000 1.41279921e+000 2.82727509e+000 4.24510660e+000 5.66797727e+000 7.09757732e+000 8.53560561e+000
 -7.48455213e+000 -6.22411698e+000 -4.97079293e+000 -3.72314296e+000 -2.47973984e+000 -1.23916378e+000 0.00000000e+000 1.23916378e+000 2.47973984e+000 3.72314296e+000 4.97079293e+000 6.22411698e+000 7.48455213e+000
 -6.56461560e+000 -5.45957884e+000 -4.36051988e+000 -3.26622946e+000 -2.17550744e+000 -1.08716052e+000 0.00000000e+000 1.08716052e+000 2.17550744e+000 3.26622946e+000 4.36051988e+000 5.45957884e+000 6.56461560e+000
 -5.77046015e+000 -4.79949738e+000 -3.83357506e+000 -2.87167342e+000 -1.91278048e+000 -9.55890088e-001 0.00000000e+000 9.55890088e-001 1.91278048e+000 2.87167342e+000 3.83357506e+000 4.79949738e+000 5.77046015e+000
 -5.08942438e+000 -4.23335862e+000 -3.38157246e+000 -2.53320040e+000 -1.68738331e+000 -8.43266891e-001 0.00000000e+000 8.43266891e-001 1.68738331e+000 2.53320040e+000 3.38157246e+000 4.23335862e+000 5.08942438e+000
 -4.55395965e+000 -3.78817183e+000 -3.02609803e+000 -2.26698753e+000 -1.51009492e+000 -7.54678688e-001 0.00000000e+000 7.54678688e-001 1.51009492e+000 2.26698753e+000 3.02609803e+000 3.78817183e+000 4.55395965e+000
 -4.04482283e+000 -3.36482190e+000 -2.68802578e+000 -2.01378713e+000 -1.34146285e+000 -6.70413069e-001 0.00000000e+000 6.70413069e-001 1.34146285e+000 2.01378713e+000 2.68802578e+000 3.36482190e+000 4.04482283e+000
 -3.60875901e+000 -3.00219140e+000 -2.39841503e+000 -1.79686647e+000 -1.19698574e+000 -5.98215468e-001 0.00000000e+000 5.98215468e-001 1.19698574e+000 1.79686647e+000 2.39841503e+000 3.00219140e+000 3.60875901e+000
 -3.21006469e+000 -2.67060465e+000 -2.13357566e+000 -1.59848732e+000 -1.06485204e+000 -5.32184310e-001 0.00000000e+000 5.32184310e-001 1.06485204e+000 1.59848732e+000 2.13357566e+000 2.67060465e+000 3.21006469e+000
 -2.79818238e+000 -2.32801818e+000 -1.85993025e+000 -1.39350004e+000 -9.28311214e-001 -4.63949072e-001 0.00000000e+000 4.63949072e-001 9.28311214e-001 1.39350004e+000 1.85993025e+000 2.32801818e+000 2.79818238e+000
 -2.47989373e+000 -2.06325837e+000 -1.64843645e+000 -1.23506261e+000 -8.22773262e-001 -4.11206177e-001 0.00000000e+000 4.11206177e-001 8.22773262e-001 1.23506261e+000 1.64843645e+000 2.06325837e+000 2.47989373e+000
 -2.22633776e+000 -1.85233276e+000 -1.47993838e+000 -1.10883027e+000 -7.38685540e-001 -3.69182454e-001 0.00000000e+000 3.69182454e-001 7.38685540e-001 1.10883027e+000 1.47993838e+000 1.85233276e+000 2.22633776e+000
 -1.98255151e+000 -1.64952506e+000 -1.31791931e+000 -9.87448263e-001 -6.57827143e-001 -3.28772124e-001 0.00000000e+000 3.28772124e-001 6.57827143e-001 9.87448263e-001 1.31791931e+000 1.64952506e+000 1.98255151e+000
 -1.77167273e+000 -1.47408665e+000 -1.17776068e+000 -8.82441202e-001 -5.87875682e-001 -2.93812358e-001 0.00000000e+000 2.93812358e-001 5.87875682e-001 8.82441202e-001 1.17776068e+000 1.47408665e+000 1.77167273e+000
 -1.57718535e+000 -1.31227988e+000 -1.04848916e+000 -7.85588895e-001 -5.23355689e-001 -2.61566817e-001 0.00000000e+000 2.61566817e-001 5.23355689e-001 7.85588895e-001 1.04848916e+000 1.31227988e+000 1.57718535e+000
 -1.39707860e+000 -1.16243340e+000 -9.28770488e-001 -6.95892263e-001 -4.63601887e-001 -2.31703095e-001 0.00000000e+000 2.31703095e-001 4.63601887e-001 6.95892263e-001 9.28770488e-001 1.16243340e+000 1.39707860e+000
 -1.23452197e+000 -1.02718551e+000 -8.20713370e-001 -6.14931708e-001 -4.09667339e-001 -2.04747562e-001 0.00000000e+000 2.04747562e-001 4.09667339e-001 6.14931708e-001 8.20713370e-001 1.02718551e+000 1.23452197e+000
 -1.09014425e+000 -9.07060503e-001 -7.24737431e-001 -5.43022062e-001 -3.61761984e-001 -1.80805203e-001 0.00000000e+000 1.80805203e-001 3.61761984e-001 5.43022062e-001 7.24737431e-001 9.07060503e-001 1.09014425e+000
 -9.63100298e-001 -8.01356095e-001 -6.40282150e-001 -4.79743692e-001 -3.19606428e-001 -1.59736428e-001 0.00000000e+000 1.59736428e-001 3.19606428e-001 4.79743692e-001 6.40282150e-001 8.01356095e-001 9.63100298e-001
 -8.60946713e-001 -7.16360359e-001 -5.72372039e-001 -4.28861513e-001 -2.85708964e-001 -1.42794889e-001 0.00000000e+000 1.42794889e-001 2.85708964e-001 4.28861513e-001 5.72372039e-001 7.16360359e-001 8.60946713e-001
 -7.61788099e-001 -6.33855898e-001 -5.06451986e-001 -3.79470153e-001 -2.52804557e-001 -1.26349634e-001 0.00000000e+000 1.26349634e-001 2.52804557e-001 3.79470153e-001 5.06451986e-001 6.33855898e-001 7.61788099e-001
 -6.69136129e-001 -5.56764739e-001 -4.44856757e-001 -3.33319020e-001 -2.22058690e-001 -1.10983164e-001 0.00000000e+000 1.10983164e-001 2.22058690e-001 3.33319020e-001 4.44856757e-001 5.56764739e-001 6.69136129e-001
 -5.84601615e-001 -4.86427330e-001 -3.88657468e-001 -2.91210730e-001 -1.94006093e-001 -9.69627419e-002 0.00000000e+000 9.69627419e-002 1.94006093e-001 2.91210730e-001 3.88657468e-001 4.86427330e-001 5.84601615e-001
 -5.08521486e-001 -4.23124162e-001 -3.38078328e-001 -2.53313328e-001 -1.68758746e-001 -8.43443428e-002 0.00000000e+000 8.43443428e-002 1.68758746e-001 2.53313328e-001 3.38078328e-001 4.23124162e-001 5.08521486e-001
 -4.40482019e-001 -3.66511106e-001 -2.92844451e-001 -2.19420895e-001 -1.46179485e-001 -7.30594189e-002 0.00000000e+000 7.30594189e-002 1.46179485e-001 2.19420895e-001 2.92844451e-001 3.66511106e-001 4.40482019e-001
 -3.84728367e-001 -3.20120492e-001 -2.55778236e-001 -1.91648210e-001 -1.27677200e-001 -6.38121271e-002 0.00000000e+000 6.38121271e-002 1.27677200e-001 1.91648210e-001 2.55778236e-001 3.20120492e-001 3.84728367e-001
 -3.29350233e-001 -2.74042240e-001 -2.18961540e-001 -1.64062448e-001 -1.09299428e-001 -5.46270607e-002 0.00000000e+000 5.46270607e-002 1.09299428e-001 1.64062448e-001 2.18961540e-001 2.74042240e-001 3.29350233e-001
 -2.79495881e-001 -2.32560071e-001 -1.85817088e-001 -1.39228174e-001 -9.27546993e-002 -4.63581311e-002 0.00000000e+000 4.63581311e-002 9.27546993e-002 1.39228174e-001 1.85817088e-001 2.32560071e-001 2.79495881e-001
 -2.31211616e-001 -1.92384268e-001 -1.53716394e-001 -1.15175941e-001 -7.67309616e-002 -3.83495863e-002 0.00000000e+000 3.83495863e-002 7.67309616e-002 1.15175941e-001 1.53716394e-001 1.92384268e-001 2.31211616e-001
 -1.77362613e-001 -1.47578174e-001 -1.17916041e-001 -8.83516296e-002 -5.88604396e-002 -2.94180298e-002 0.00000000e+000 2.94180298e-002 5.88604396e-002 8.83516296e-002 1.17916041e-001 1.47578174e-001 1.77362613e-001
 -1.31510274e-001 -1.09425826e-001 -8.74320513e-002 -6.55107248e-002 -4.36436822e-002 -2.18128038e-002 0.00000000e+000 2.18128038e-002 4.36436822e-002 6.55107248e-002 8.74320513e-002 1.09425826e-001 1.31510274e-001
 -9.08053845e-002 -7.55564968e-002 -6.03702114e-002 -4.52339457e-002 -3.01351585e-002 -1.50613397e-002 0.00000000e+000 1.50613397e-002 3.01351585e-002 4.52339457e-002 6.03702114e-002 7.55564968e-002 9.08053845e-002
