 -2.33553748e-01
 -2.61572026e-01
 -2.91922020e-01
 -3.26936705e-01
 -3.67780283e-01
 -4.14448449e-01
 -4.66935478e-01
 -5.25233909e-01
 -5.83508186e-01
 -6.53401675e-01
 -7.34889112e-01
 -8.27936192e-01
 -9.32497365e-01
 -1.04851334e+00
 -1.16433729e+00
 -1.30304312e+00
 -1.45292011e+00
 -1.62529650e+00
 -1.85408679e+00
 -2.08153605e+00
 -2.30748708e+00
 -2.57643462e+00
 -2.86481139e+00
 -3.19329660e+00
 -3.57017395e+00
 -3.99166619e+00
 -4.45295100e+00
 -4.94805886e+00
 -5.42342416e+00
 -5.96611779e+00
 -6.55899585e+00
 -7.18139877e+00
 -7.80982957e+00
 -8.41920432e+00
 -8.93759890e+00
 -9.44617051e+00
 -9.86909159e+00
 -1.02113649e+01
 -1.04656815e+01
 -1.05393821e+01
 -1.04800513e+01
 -1.02868929e+01
 -9.98167849e+00
 -9.56138109e+00
 -9.03364014e+00
 -8.42918985e+00
 -7.78234198e+00
 -7.12387610e+00
 -6.53293316e+00
 -5.90724321e+00
 -5.27725512e+00
 -4.66548342e+00
 -4.08585078e+00
 -3.54494504e+00
 -3.08615477e+00
 -2.61652876e+00
 -2.18144278e+00
 -1.74805243e+00
 -1.24879578e+00
 -8.07716433e-01
 -4.00733341e-01
