 -4.57243363e+000
 -5.10476541e+000
 -5.75319316e+000
 -6.46846359e+000
 -7.31149374e+000
 -8.46673124e+000
 -9.65865059e+000
 -1.08867679e+001
 -1.24047265e+001
 -1.40942225e+001
 -1.60800736e+001
 -1.83993608e+001
 -2.09638487e+001
 -2.35959970e+001
 -2.60253964e+001
 -2.77980553e+001
 -2.90097819e+001
 -2.93071149e+001
 -2.85934318e+001
 -2.70670697e+001
 -2.50924342e+001
 -2.32022197e+001
 -2.12576425e+001
 -1.96046669e+001
 -1.82383084e+001
 -1.70261811e+001
 -1.62656389e+001
 -1.57924048e+001
 -1.54648601e+001
 -1.52941136e+001
 -1.52379612e+001
 -1.52781107e+001
 -1.53911983e+001
 -1.55467187e+001
 -1.57101193e+001
 -1.58271571e+001
 -1.58736121e+001
 -1.58767826e+001
 -1.58502546e+001
 -1.58004021e+001
 -1.57310612e+001
 -1.56528844e+001
 -1.55517365e+001
 -1.54362540e+001
 -1.52979403e+001
 -1.51079022e+001
 -1.49134959e+001
 -1.47159873e+001
 -1.44758905e+001
 -1.42127688e+001
 -1.39059174e+001
 -1.35440338e+001
 -1.31256322e+001
 -1.26487980e+001
 -1.21109774e+001
 -1.15639636e+001
 -1.08938988e+001
 -1.00903701e+001
 -9.13758004e+000
 -8.01083992e+000
 -6.66954597e+000
 -5.19710790e+000
 -3.48752940e+000
