 1.08098775e-007 8.93075736e-008 7.09426032e-008 5.29150028e-008 3.51382471e-008 1.75277587e-008 0.00000000e+000 -1.75277192e-008 -3.51382897e-008 -5.29150041e-008 -7.09426192e-008 -8.93075263e-008 -1.08098779e-007
 1.38110676e-007 1.14045003e-007 9.05558549e-008 6.75225889e-008 4.48282183e-008 2.23582274e-008 0.00000000e+000 -2.23581898e-008 -4.48282330e-008 -6.75226203e-008 -9.05558472e-008 -1.14044974e-007 -1.38110686e-007
 1.81065107e-007 1.49421537e-007 1.18585566e-007 8.83877614e-008 5.86639104e-008 2.92538688e-008 0.00000000e+000 -2.92538323e-008 -5.86639214e-008 -8.83877854e-008 -1.18585595e-007 -1.49421504e-007 -1.81065128e-007
 2.37332992e-007 1.95721403e-007 1.55243176e-007 1.15659783e-007 7.67405893e-008 3.82609323e-008 0.00000000e+000 -3.82608823e-008 -7.67406334e-008 -1.15659817e-007 -1.55243223e-007 -1.95721362e-007 -2.37332971e-007
 3.16800128e-007 2.61048842e-007 2.06925405e-007 1.54086166e-007 1.02199505e-007 5.09429840e-008 0.00000000e+000 -5.09429583e-008 -1.02199542e-007 -1.54086165e-007 -2.06925417e-007 -2.61048797e-007 -3.16800114e-007
 4.51415126e-007 3.71590947e-007 2.94299343e-007 2.19003887e-007 1.45188162e-007 7.23507605e-008 0.00000000e+000 -7.23506887e-008 -1.45188177e-007 -2.19003899e-007 -2.94299374e-007 -3.71590896e-007 -4.51415143e-007
 6.25305679e-007 5.14228652e-007 4.06939904e-007 3.02634868e-007 2.00540448e-007 9.99069171e-008 0.00000000e+000 -9.99069047e-008 -2.00540462e-007 -3.02634850e-007 -4.06939920e-007 -5.14228603e-007 -6.25305681e-007
 8.46469465e-007 6.95470764e-007 5.49953416e-007 4.08750720e-007 2.70743289e-007 1.34846792e-007 0.00000000e+000 -1.34846762e-007 -2.70743285e-007 -4.08750736e-007 -5.49953458e-007 -6.95470761e-007 -8.46469463e-007
 1.18691849e-006 9.74215811e-007 7.69739953e-007 5.71736291e-007 3.78523691e-007 1.88475269e-007 0.00000000e+000 -1.88475231e-007 -3.78523702e-007 -5.71736319e-007 -7.69739960e-007 -9.74215799e-007 -1.18691848e-006
 1.66717481e-006 1.36709498e-006 1.07930071e-006 8.01167269e-007 5.30182639e-007 2.63918121e-007 0.00000000e+000 -2.63918103e-007 -5.30182680e-007 -8.01167274e-007 -1.07930072e-006 -1.36709494e-006 -1.66717478e-006
 2.39674464e-006 1.96346372e-006 1.54889231e-006 1.14902716e-006 7.60040860e-007 3.78235786e-007 0.00000000e+000 -3.78235736e-007 -7.60040861e-007 -1.14902716e-006 -1.54889233e-006 -1.96346368e-006 -2.39674462e-006
 3.53969715e-006 2.89707011e-006 2.28358995e-006 1.69301208e-006 1.11937107e-006 5.56907979e-007 0.00000000e+000 -5.56907941e-007 -1.11937107e-006 -1.69301208e-006 -2.28358997e-006 -2.89707007e-006 -3.53969716e-006
 5.32332925e-006 4.35307014e-006 3.42876744e-006 2.54056418e-006 1.67905103e-006 8.35149681e-007 0.00000000e+000 -8.35149670e-007 -1.67905105e-006 -2.54056418e-006 -3.42876746e-006 -4.35307011e-006 -5.32332924e-006
 8.09044427e-006 6.61064845e-006 5.20358279e-006 3.85363338e-006 2.54590468e-006 1.26603186e-006 0.00000000e+000 -1.26603184e-006 -2.54590470e-006 -3.85363341e-006 -5.20358280e-006 -6.61064845e-006 -8.09044427e-006
 1.23483173e-005 1.00828682e-005 7.93224158e-006 5.87176906e-006 3.87792848e-006 1.92804445e-006 0.00000000e+000 -1.92804442e-006 -3.87792850e-006 -5.87176907e-006 -7.93224159e-006 -1.00828682e-005 -1.23483173e-005
 1.81546952e-005 1.48161466e-005 1.16507774e-005 8.62136184e-006 5.69241660e-006 2.82974523e-006 0.00000000e+000 -2.82974521e-006 -5.69241661e-006 -8.62136181e-006 -1.16507774e-005 -1.48161466e-005 -1.81546952e-005
 2.76606692e-005 2.25629555e-005 1.77352558e-005 1.31195024e-005 8.66036189e-006 4.30452140e-006 0.00000000e+000 -4.30452135e-006 -8.66036191e-006 -1.31195023e-005 -1.77352558e-005 -2.25629555e-005 -2.76606692e-005
 4.31098568e-005 3.51498364e-005 2.76190404e-005 2.04251256e-005 1.34801205e-005 6.69928283e-006 0.00000000e+000 -6.69928278e-006 -1.34801205e-005 -2.04251256e-005 -2.76190405e-005 -3.51498364e-005 -4.31098567e-005
 6.79963506e-005 5.54211227e-005 4.35340481e-005 3.21870309e-005 2.12390153e-005 1.05541468e-005 0.00000000e+000 -1.05541468e-005 -2.12390153e-005 -3.21870309e-005 -4.35340482e-005 -5.54211227e-005 -6.79963506e-005
 1.07642286e-004 8.77089952e-005 6.88795262e-005 5.09162689e-005 3.35929458e-005 1.66916513e-005 0.00000000e+000 -1.66916513e-005 -3.35929458e-005 -5.09162689e-005 -6.88795263e-005 -8.77089951e-005 -1.07642286e-004
 1.69981488e-004 1.38471265e-004 1.08722422e-004 8.03557304e-005 5.30100920e-005 2.63378050e-005 0.00000000e+000 -2.63378049e-005 -5.30100920e-005 -8.03557304e-005 -1.08722422e-004 -1.38471265e-004 -1.69981488e-004
 2.56419281e-004 2.08849411e-004 1.63956784e-004 1.21164906e-004 7.99248971e-005 3.97082727e-005 0.00000000e+000 -3.97082726e-005 -7.99248972e-005 -1.21164906e-004 -1.63956784e-004 -2.08849411e-004 -2.56419281e-004
 3.99864861e-004 3.25633922e-004 2.55605508e-004 1.88874590e-004 1.24579546e-004 6.18908190e-005 0.00000000e+000 -6.18908190e-005 -1.24579546e-004 -1.88874590e-004 -2.55605509e-004 -3.25633922e-004 -3.99864861e-004
 6.16066649e-004 5.01640392e-004 3.93722026e-004 2.90909953e-004 1.91869866e-004 9.53171585e-005 0.00000000e+000 -9.53171584e-005 -1.91869866e-004 -2.90909953e-004 -3.93722026e-004 -5.01640392e-004 -6.16066649e-004
 9.63742358e-004 7.84663498e-004 6.15807647e-004 4.54973019e-004 3.00063570e-004 1.49061370e-004 0.00000000e+000 -1.49061370e-004 -3.00063570e-004 -4.54973019e-004 -6.15807647e-004 -7.84663498e-004 -9.63742358e-004
 1.63519036e-003 1.33123035e-003 1.04467961e-003 7.71788676e-004 5.08988113e-004 2.52841469e-004 0.00000000e+000 -2.52841468e-004 -5.08988113e-004 -7.71788676e-004 -1.04467961e-003 -1.33123035e-003 -1.63519036e-003
 2.60936059e-003 2.12420103e-003 1.66688520e-003 1.23141687e-003 8.12087352e-004 4.03400430e-004 0.00000000e+000 -4.03400430e-004 -8.12087352e-004 -1.23141687e-003 -1.66688520e-003 -2.12420103e-003 -2.60936059e-003
 3.96601010e-003 3.22850830e-003 2.53338053e-003 1.87150283e-003 1.23418784e-003 6.13070849e-004 0.00000000e+000 -6.13070849e-004 -1.23418784e-003 -1.87150283e-003 -2.53338053e-003 -3.22850830e-003 -3.96601010e-003
 6.22470695e-003 5.06711716e-003 3.97606909e-003 2.93723904e-003 1.93698613e-003 9.62174186e-004 0.00000000e+000 -9.62174186e-004 -1.93698613e-003 -2.93723904e-003 -3.97606909e-003 -5.06711716e-003 -6.22470695e-003
 9.63670275e-003 7.84466454e-003 6.15559328e-003 4.54733445e-003 2.99878313e-003 1.48961052e-003 0.00000000e+000 -1.48961052e-003 -2.99878313e-003 -4.54733445e-003 -6.15559328e-003 -7.84466454e-003 -9.63670275e-003
 1.51298961e-002 1.23168287e-002 9.66512886e-003 7.14010235e-003 4.70868194e-003 2.33900409e-003 0.00000000e+000 -2.33900409e-003 -4.70868194e-003 -7.14010235e-003 -9.66512886e-003 -1.23168287e-002 -1.51298961e-002
 2.41735832e-002 1.96807381e-002 1.54447086e-002 1.14103483e-002 7.52505158e-003 3.73809531e-003 0.00000000e+000 -3.73809531e-003 -7.52505158e-003 -1.14103483e-002 -1.54447086e-002 -1.96807381e-002 -2.41735832e-002
 3.88680122e-002 3.16490770e-002 2.48401318e-002 1.83533180e-002 1.21047088e-002 6.01329563e-003 0.00000000e+000 -6.01329563e-003 -1.21047088e-002 -1.83533180e-002 -2.48401318e-002 -3.16490770e-002 -3.88680122e-002
 6.23608076e-002 5.07920105e-002 3.98731211e-002 2.94653214e-002 1.94357113e-002 9.65579584e-003 0.00000000e+000 -9.65579584e-003 -1.94357113e-002 -2.94653214e-002 -3.98731211e-002 -5.07920105e-002 -6.23608076e-002
 9.92040246e-002 8.08344780e-002 6.34788105e-002 4.69215632e-002 3.09557463e-002 1.53807053e-002 0.00000000e+000 -1.53807053e-002 -3.09557463e-002 -4.69215632e-002 -6.34788105e-002 -8.08344780e-002 -9.92040246e-002
 1.49794845e-001 1.22128441e-001 9.59515463e-002 7.09498212e-002 4.68198551e-002 2.32664714e-002 0.00000000e+000 -2.32664714e-002 -4.68198551e-002 -7.09498212e-002 -9.59515463e-002 -1.22128441e-001 -1.49794845e-001
 2.32117339e-001 1.89423759e-001 1.48935251e-001 1.10191653e-001 7.27454218e-002 3.61586635e-002 0.00000000e+000 -3.61586635e-002 -7.27454218e-002 -1.10191653e-001 -1.48935251e-001 -1.89423759e-001 -2.32117339e-001
 3.62687282e-001 2.96407977e-001 2.33325919e-001 1.72785425e-001 1.14141266e-001 5.67565165e-002 0.00000000e+000 -5.67565165e-002 -1.14141266e-001 -1.72785425e-001 -2.33325919e-001 -2.96407977e-001 -3.62687282e-001
 5.62535514e-001 4.60717295e-001 3.63296475e-001 2.69394196e-001 1.78130560e-001 8.86256693e-002 0.00000000e+000 -8.86256693e-002 -1.78130560e-001 -2.69394196e-001 -3.63296475e-001 -4.60717295e-001 -5.62535514e-001
 8.53933916e-001 7.01415751e-001 5.54420207e-001 4.11881852e-001 2.72708664e-001 1.35789329e-001 0.00000000e+000 -1.35789329e-001 -2.72708664e-001 -4.11881852e-001 -5.54420207e-001 -7.01415751e-001 -8.53933916e-001
 1.25299300e+000 1.03293029e+000 8.18901081e-001 6.09790614e-001 4.04423321e-001 2.01577409e-001 0.00000000e+000 -2.01577409e-001 -4.04423321e-001 -6.09790614e-001 -8.18901081e-001 -1.03293029e+000 -1.25299300e+000
 1.71141331e+000 1.41595961e+000 1.12595487e+000 8.40432636e-001 5.58346149e-001 2.78586031e-001 0.00000000e+000 -2.78586031e-001 -5.58346149e-001 -8.40432636e-001 -1.12595487e+000 -1.41595961e+000 -1.71141331e+000
 2.29989389e+000 1.91014336e+000 1.52380269e+000 1.14028851e+000 7.58953989e-001 3.79101900e-001 0.00000000e+000 -3.79101900e-001 -7.58953989e-001 -1.14028851e+000 -1.52380269e+000 -1.91014336e+000 -2.29989389e+000
 2.93042984e+000 2.44134905e+000 1.95262544e+000 1.46419882e+000 9.76001821e-001 4.87961278e-001 0.00000000e+000 -4.87961278e-001 -9.76001821e-001 -1.46419882e+000 -1.95262544e+000 -2.44134905e+000 -2.93042984e+000
 3.58917343e+000 2.99648392e+000 2.40087900e+000 1.80285520e+000 1.20296468e+000 6.01803864e-001 0.00000000e+000 -6.01803864e-001 -1.20296468e+000 -1.80285520e+000 -2.40087900e+000 -2.99648392e+000 -3.58917343e+000
 4.29778137e+000 3.59174226e+000 2.88023235e+000 2.16422267e+000 1.44476443e+000 7.22971363e-001 0.00000000e+000 -7.22971363e-001 -1.44476443e+000 -2.16422267e+000 -2.88023235e+000 -3.59174226e+000 -4.29778137e+000
 4.81151835e+000 4.02079500e+000 3.22404919e+000 2.42240093e+000 1.61702628e+000 8.09143687e-001 0.00000000e+000 -8.09143687e-001 -1.61702628e+000 -2.42240093e+000 -3.22404919e+000 -4.02079500e+000 -4.81151835e+000
 5.16825136e+000 4.31695319e+000 3.46019401e+000 2.59903010e+000 1.73454223e+000 8.67828886e-001 0.00000000e+000 -8.67828886e-001 -1.73454223e+000 -2.59903010e+000 -3.46019401e+000 -4.31695319e+000 -5.16825136e+000
 5.45061729e+000 4.55011657e+000 3.64528617e+000 2.73699287e+000 1.82610347e+000 9.13484098e-001 0.00000000e+000 -9.13484098e-001 -1.82610347e+000 -2.73699287e+000 -3.64528617e+000 -4.55011657e+000 -5.45061729e+000
 5.64144666e+000 4.70698378e+000 3.76935247e+000 2.82920284e+000 1.88717444e+000 9.43898392e-001 0.00000000e+000 -9.43898392e-001 -1.88717444e+000 -2.82920284e+000 -3.76935247e+000 -4.70698378e+000 -5.64144666e+000
 5.77401933e+000 4.81559697e+000 3.85502043e+000 2.89273962e+000 1.92919188e+000 9.64804925e-001 0.00000000e+000 -9.64804925e-001 -1.92919188e+000 -2.89273962e+000 -3.85502043e+000 -4.81559697e+000 -5.77401933e+000
 5.86293622e+000 4.88826758e+000 3.91222652e+000 2.93510317e+000 1.95717725e+000 9.78720640e-001 0.00000000e+000 -9.78720640e-001 -1.95717725e+000 -2.93510317e+000 -3.91222652e+000 -4.88826758e+000 -5.86293622e+000
 5.91916783e+000 4.93414939e+000 3.94829670e+000 2.96178749e+000 1.97479222e+000 9.87475920e-001 0.00000000e+000 -9.87475920e-001 -1.97479222e+000 -2.96178749e+000 -3.94829670e+000 -4.93414939e+000 -5.91916783e+000
 5.95335448e+000 4.96201463e+000 3.97018469e+000 2.97796957e+000 1.98546956e+000 9.92781505e-001 0.00000000e+000 -9.92781505e-001 -1.98546956e+000 -2.97796957e+000 -3.97018469e+000 -4.96201463e+000 -5.95335448e+000
 5.97359916e+000 4.97850547e+000 3.98313158e+000 2.98753766e+000 1.99178109e+000 9.95917203e-001 0.00000000e+000 -9.95917203e-001 -1.99178109e+000 -2.98753766e+000 -3.98313158e+000 -4.97850547e+000 -5.97359916e+000
 5.98457774e+000 4.98744514e+000 3.99014806e+000 2.99272188e+000 1.99520030e+000 9.97615780e-001 0.00000000e+000 -9.97615780e-001 -1.99520030e+000 -2.99272188e+000 -3.99014806e+000 -4.98744514e+000 -5.98457774e+000
 5.99168677e+000 4.99323274e+000 3.99468985e+000 2.99607723e+000 1.99741310e+000 9.98714989e-001 0.00000000e+000 -9.98714989e-001 -1.99741310e+000 -2.99607723e+000 -3.99468985e+000 -4.99323274e+000 -5.99168677e+000
 5.99588201e+000 4.99664778e+000 3.99736955e+000 2.99805679e+000 1.99871852e+000 9.99363440e-001 0.00000000e+000 -9.99363440e-001 -1.99871852e+000 -2.99805679e+000 -3.99736955e+000 -4.99664778e+000 -5.99588201e+000
 5.99815848e+000 4.99850082e+000 3.99882354e+000 2.99913086e+000 1.99942682e+000 9.99715270e-001 0.00000000e+000 -9.99715270e-001 -1.99942682e+000 -2.99913086e+000 -3.99882354e+000 -4.99850082e+000 -5.99815848e+000
 5.99928593e+000 4.99941858e+000 3.99954367e+000 2.99966284e+000 1.99977763e+000 9.99889533e-001 0.00000000e+000 -9.99889533e-001 -1.99977763e+000 -2.99966284e+000 -3.99954367e+000 -4.99941858e+000 -5.99928593e+000
 5.99977939e+000 4.99982030e+000 3.99985892e+000 2.99989574e+000 1.99993122e+000 9.99965830e-001 0.00000000e+000 -9.99965830e-001 -1.99993122e+000 -2.99989574e+000 -3.99985892e+000 -4.99982030e+000 -5.99977939e+000
 5.99994723e+000 4.99995698e+000 3.99996620e+000 2.99997501e+000 1.99998351e+000 9.99991803e-001 0.00000000e+000 -9.99991803e-001 -1.99998351e+000 -2.99997501e+000 -3.99996620e+000 -4.99995698e+000 -5.99994723e+000
 5.99999295e+000 4.99999424e+000 3.99999546e+000 2.99999664e+000 1.99999778e+000 9.99998895e-001 0.00000000e+000 -9.99998895e-001 -1.99999778e+000 -2.99999664e+000 -3.99999546e+000 -4.99999424e+000 -5.99999295e+000
