 1.98468916e-001 1.65140083e-001 1.31948121e-001 9.88655195e-002 6.58648589e-002 3.29187877e-002 0.00000000e+000 -3.29187877e-002 -6.58648589e-002 -9.88655195e-002 -1.31948121e-001 -1.65140083e-001 -1.98468916e-001
 2.20523716e-001 1.83491200e-001 1.46610779e-001 1.09851883e-001 7.31840414e-002 3.65768617e-002 0.00000000e+000 -3.65768617e-002 -7.31840414e-002 -1.09851883e-001 -1.46610779e-001 -1.83491200e-001 -2.20523716e-001
 2.46990608e-001 2.05513470e-001 1.64206705e-001 1.23036066e-001 8.19674234e-002 4.09667312e-002 0.00000000e+000 -4.09667312e-002 -8.19674234e-002 -1.23036066e-001 -1.64206705e-001 -2.05513470e-001 -2.46990608e-001
 2.75664629e-001 2.29372209e-001 1.83269969e-001 1.37319684e-001 9.14832523e-002 4.57226715e-002 0.00000000e+000 -4.57226715e-002 -9.14832523e-002 -1.37319684e-001 -1.83269969e-001 -2.29372209e-001 -2.75664629e-001
 3.08752286e-001 2.56903372e-001 2.05267507e-001 1.53801868e-001 1.02463776e-001 5.12106538e-002 0.00000000e+000 -5.12106538e-002 -1.02463776e-001 -1.53801868e-001 -2.05267507e-001 -2.56903372e-001 -3.08752286e-001
 3.52873386e-001 2.93615061e-001 2.34600304e-001 1.75780158e-001 1.17105827e-001 5.85286381e-002 0.00000000e+000 -5.85286381e-002 -1.17105827e-001 -1.75780158e-001 -2.34600304e-001 -2.93615061e-001 -3.52873386e-001
 3.96999936e-001 3.30331232e-001 2.63936648e-001 1.97761085e-001 1.31749626e-001 6.58474928e-002 0.00000000e+000 -6.58474928e-002 -1.31749626e-001 -1.97761085e-001 -2.63936648e-001 -3.30331232e-001 -3.96999936e-001
 4.41132617e-001 3.67052444e-001 2.93276982e-001 2.19744978e-001 1.46395390e-001 7.31673266e-002 0.00000000e+000 -7.31673266e-002 -1.46395390e-001 -2.19744978e-001 -2.93276982e-001 -3.67052444e-001 -4.41132617e-001
 4.94100884e-001 4.11125342e-001 3.28491270e-001 2.46130029e-001 1.63973208e-001 8.19525725e-002 0.00000000e+000 -8.19525725e-002 -1.63973208e-001 -2.46130029e-001 -3.28491270e-001 -4.11125342e-001 -4.94100884e-001
 5.51495604e-001 4.58881201e-001 3.66648170e-001 2.74719848e-001 1.83019830e-001 9.14719073e-002 0.00000000e+000 -9.14719073e-002 -1.83019830e-001 -2.74719848e-001 -3.66648170e-001 -4.58881201e-001 -5.51495604e-001
 6.17738247e-001 5.13998889e-001 4.10687052e-001 3.07716793e-001 2.05002460e-001 1.02458624e-001 0.00000000e+000 -1.02458624e-001 -2.05002460e-001 -3.07716793e-001 -4.10687052e-001 -5.13998889e-001 -6.17738247e-001
 6.95048585e-001 5.78325270e-001 4.62083482e-001 3.46226416e-001 2.30657600e-001 1.15280814e-001 0.00000000e+000 -1.15280814e-001 -2.30657600e-001 -3.46226416e-001 -4.62083482e-001 -5.78325270e-001 -6.95048585e-001
 7.83443645e-001 6.51874346e-001 5.20848539e-001 3.90256955e-001 2.59990709e-001 1.29941195e-001 0.00000000e+000 -1.29941195e-001 -2.59990709e-001 -3.90256955e-001 -5.20848539e-001 -6.51874346e-001 -7.83443645e-001
 8.82946053e-001 7.34664722e-001 5.86996945e-001 4.39819361e-001 2.93009040e-001 1.46443382e-001 0.00000000e+000 -1.46443382e-001 -2.93009040e-001 -4.39819361e-001 -5.86996945e-001 -7.34664722e-001 -8.82946053e-001
 9.93585289e-001 8.26720642e-001 6.60547887e-001 4.94927898e-001 3.29722048e-001 1.64792084e-001 0.00000000e+000 -1.64792084e-001 -3.29722048e-001 -4.94927898e-001 -6.60547887e-001 -8.26720642e-001 -9.93585289e-001
 1.10431997e+000 9.18855050e-001 7.34160938e-001 5.50082623e-001 3.66465660e-001 1.83156032e-001 0.00000000e+000 -1.83156032e-001 -3.66465660e-001 -5.50082623e-001 -7.34160938e-001 -9.18855050e-001 -1.10431997e+000
 1.23734234e+000 1.02953210e+000 8.22588203e-001 6.16336414e-001 4.10603134e-001 2.05215257e-001 0.00000000e+000 -2.05215257e-001 -4.10603134e-001 -6.16336414e-001 -8.22588203e-001 -1.02953210e+000 -1.23734234e+000
 1.39275203e+000 1.15883371e+000 9.25894515e-001 6.93737486e-001 4.62166417e-001 2.30985675e-001 0.00000000e+000 -2.30985675e-001 -4.62166417e-001 -6.93737486e-001 -9.25894515e-001 -1.15883371e+000 -1.39275203e+000
 1.57068408e+000 1.30687097e+000 1.04416779e+000 7.82351225e-001 5.21198840e-001 2.60488871e-001 0.00000000e+000 -2.60488871e-001 -5.21198840e-001 -7.82351225e-001 -1.04416779e+000 -1.30687097e+000 -1.57068408e+000
 1.77131749e+000 1.47379110e+000 1.17752456e+000 8.82264301e-001 5.87757837e-001 2.93753462e-001 0.00000000e+000 -2.93753462e-001 -5.87757837e-001 -8.82264301e-001 -1.17752456e+000 -1.47379110e+000 -1.77131749e+000
 1.99488465e+000 1.65978530e+000 1.32611616e+000 9.93589280e-001 6.61918006e-001 3.30816612e-001 0.00000000e+000 -3.30816612e-001 -6.61918006e-001 -9.93589280e-001 -1.32611616e+000 -1.65978530e+000 -1.99488465e+000
 2.21920516e+000 1.84639922e+000 1.47519828e+000 1.10527910e+000 7.36319963e-001 3.68000224e-001 0.00000000e+000 -3.68000224e-001 -7.36319963e-001 -1.10527910e+000 -1.47519828e+000 -1.84639922e+000 -2.21920516e+000
 2.48949693e+000 2.07124679e+000 1.65481787e+000 1.23984325e+000 8.25957775e-001 4.12797660e-001 0.00000000e+000 -4.12797660e-001 -8.25957775e-001 -1.23984325e+000 -1.65481787e+000 -2.07124679e+000 -2.48949693e+000
 2.78382533e+000 2.31607603e+000 1.85039093e+000 1.38635395e+000 9.23551144e-001 4.61570234e-001 0.00000000e+000 -4.61570234e-001 -9.23551144e-001 -1.38635395e+000 -1.85039093e+000 -2.31607603e+000 -2.78382533e+000
 3.12560529e+000 2.60035741e+000 2.07746642e+000 1.55645696e+000 1.03685633e+000 5.18193801e-001 0.00000000e+000 -5.18193801e-001 -1.03685633e+000 -1.55645696e+000 -2.07746642e+000 -2.60035741e+000 -3.12560529e+000
 3.58534818e+000 2.98272191e+000 2.38286524e+000 1.78521915e+000 1.18922800e+000 5.94338743e-001 0.00000000e+000 -5.94338743e-001 -1.18922800e+000 -1.78521915e+000 -2.38286524e+000 -2.98272191e+000 -3.58534818e+000
 4.05023126e+000 3.36931931e+000 2.69161743e+000 2.01647721e+000 1.34325450e+000 6.71308374e-001 0.00000000e+000 -6.71308374e-001 -1.34325450e+000 -2.01647721e+000 -2.69161743e+000 -3.36931931e+000 -4.05023126e+000
 4.52079995e+000 3.76060093e+000 3.00408191e+000 2.25049909e+000 1.49911386e+000 7.49191527e-001 0.00000000e+000 -7.49191527e-001 -1.49911386e+000 -2.25049909e+000 -3.00408191e+000 -3.76060093e+000 -4.52079995e+000
 5.09370124e+000 4.23691419e+000 3.38441138e+000 2.53532637e+000 1.68879909e+000 8.43974322e-001 0.00000000e+000 -8.43974322e-001 -1.68879909e+000 -2.53532637e+000 -3.38441138e+000 -4.23691419e+000 -5.09370124e+000
 5.72533307e+000 4.76198611e+000 3.80362785e+000 2.84924900e+000 1.89784798e+000 9.48428970e-001 0.00000000e+000 -9.48428970e-001 -1.89784798e+000 -2.84924900e+000 -3.80362785e+000 -4.76198611e+000 -5.72533307e+000
 6.46945494e+000 5.38048825e+000 4.29738463e+000 3.21895798e+000 2.14403115e+000 1.07143378e+000 0.00000000e+000 -1.07143378e+000 -2.14403115e+000 -3.21895798e+000 -4.29738463e+000 -5.38048825e+000 -6.46945494e+000
 7.35970304e+000 6.12036158e+000 4.88797544e+000 3.66113880e+000 2.43845560e+000 1.21853722e+000 0.00000000e+000 -1.21853722e+000 -2.43845560e+000 -3.66113880e+000 -4.88797544e+000 -6.12036158e+000 -7.35970304e+000
 8.40764670e+000 6.99123870e+000 5.58309908e+000 4.18156054e+000 2.78496472e+000 1.39166014e+000 0.00000000e+000 -1.39166014e+000 -2.78496472e+000 -4.18156054e+000 -5.58309908e+000 -6.99123870e+000 -8.40764670e+000
 9.62610070e+000 8.00387236e+000 6.39140265e+000 4.78673316e+000 3.18790966e+000 1.59298135e+000 0.00000000e+000 -1.59298135e+000 -3.18790966e+000 -4.78673316e+000 -6.39140265e+000 -8.00387236e+000 -9.62610070e+000
 1.10273254e+001 9.16871773e+000 7.32140034e+000 5.48312713e+000 3.65164347e+000 1.82468902e+000 0.00000000e+000 -1.82468902e+000 -3.65164347e+000 -5.48312713e+000 -7.32140034e+000 -9.16871773e+000 -1.10273254e+001
 1.24729886e+001 1.03711932e+001 8.28187756e+000 6.20259240e+000 4.13085633e+000 2.06416515e+000 0.00000000e+000 -2.06416515e+000 -4.13085633e+000 -6.20259240e+000 -8.28187756e+000 -1.03711932e+001 -1.24729886e+001
 1.42522864e+001 1.18527192e+001 9.46623209e+000 7.09032213e+000 4.72240988e+000 2.35985986e+000 0.00000000e+000 -2.35985986e+000 -4.72240988e+000 -7.09032213e+000 -9.46623209e+000 -1.18527192e+001 -1.42522864e+001
 1.63564674e+001 1.36079630e+001 1.08714695e+001 8.14480710e+000 5.42564669e+000 2.71154864e+000 0.00000000e+000 -2.71154864e+000 -5.42564669e+000 -8.14480710e+000 -1.08714695e+001 -1.36079630e+001 -1.63564674e+001
 1.87305678e+001 1.55941456e+001 1.24653629e+001 9.34304846e+000 6.22579428e+000 3.11201369e+000 0.00000000e+000 -3.11201369e+000 -6.22579428e+000 -9.34304846e+000 -1.24653629e+001 -1.55941456e+001 -1.87305678e+001
 2.12439216e+001 1.77056394e+001 1.41656304e+001 1.06246694e+001 7.08325093e+000 3.54165177e+000 0.00000000e+000 -3.54165177e+000 -7.08325093e+000 -1.06246694e+001 -1.41656304e+001 -1.77056394e+001 -2.12439216e+001
 2.36721994e+001 1.97564782e+001 1.58242960e+001 1.18792295e+001 7.92467535e+000 3.96388361e+000 0.00000000e+000 -3.96388361e+000 -7.92467535e+000 -1.18792295e+001 -1.58242960e+001 -1.97564782e+001 -2.36721994e+001
 2.55623767e+001 2.13616270e+001 1.71284579e+001 1.28692343e+001 8.59040663e+000 4.29848160e+000 0.00000000e+000 -4.29848160e+000 -8.59040663e+000 -1.28692343e+001 -1.71284579e+001 -2.13616270e+001 -2.55623767e+001
 2.70045730e+001 2.25922134e+001 1.81323337e+001 1.36337438e+001 9.10570805e+000 4.55784190e+000 0.00000000e+000 -4.55784190e+000 -9.10570805e+000 -1.36337438e+001 -1.81323337e+001 -2.25922134e+001 -2.70045730e+001
 2.75707852e+001 2.30768468e+001 1.85287266e+001 1.39362589e+001 9.30992735e+000 4.66072596e+000 0.00000000e+000 -4.66072596e+000 -9.30992735e+000 -1.39362589e+001 -1.85287266e+001 -2.30768468e+001 -2.75707852e+001
 2.71732206e+001 2.27364714e+001 1.82502621e+001 1.37237041e+001 9.16641837e+000 4.58842134e+000 0.00000000e+000 -4.58842134e+000 -9.16641837e+000 -1.37237041e+001 -1.82502621e+001 -2.27364714e+001 -2.71732206e+001
 2.55318144e+001 2.13356060e+001 1.71072701e+001 1.28531226e+001 8.57955864e+000 4.29302521e+000 0.00000000e+000 -4.29302521e+000 -8.57955864e+000 -1.28531226e+001 -1.71072701e+001 -2.13356060e+001 -2.55318144e+001
 2.33377054e+001 1.94732631e+001 1.55947582e+001 1.17053275e+001 7.80790149e+000 3.90524361e+000 0.00000000e+000 -3.90524361e+000 -7.80790149e+000 -1.17053275e+001 -1.55947582e+001 -1.94732631e+001 -2.33377054e+001
 2.10796081e+001 1.75672754e+001 1.40539993e+001 1.05403981e+001 7.02680933e+000 3.51335279e+000 0.00000000e+000 -3.51335279e+000 -7.02680933e+000 -1.05403981e+001 -1.40539993e+001 -1.75672754e+001 -2.10796081e+001
 1.85950275e+001 1.54805544e+001 1.23740777e+001 9.27434736e+000 6.17988189e+000 3.08902426e+000 0.00000000e+000 -3.08902426e+000 -6.17988189e+000 -9.27434736e+000 -1.23740777e+001 -1.54805544e+001 -1.85950275e+001
 1.62985269e+001 1.35595735e+001 1.08326920e+001 8.11568702e+000 5.40621630e+000 2.70182846e+000 0.00000000e+000 -2.70182846e+000 -5.40621630e+000 -8.11568702e+000 -1.08326920e+001 -1.35595735e+001 -1.62985269e+001
 1.41356159e+001 1.17555081e+001 9.38847772e+000 7.03201722e+000 4.68354598e+000 2.34042989e+000 0.00000000e+000 -2.34042989e+000 -4.68354598e+000 -7.03201722e+000 -9.38847772e+000 -1.17555081e+001 -1.41356159e+001
 1.21437522e+001 1.00972593e+001 8.06302115e+000 6.03862397e+000 4.02162836e+000 2.00957676e+000 0.00000000e+000 -2.00957676e+000 -4.02162836e+000 -6.03862397e+000 -8.06302115e+000 -1.00972593e+001 -1.21437522e+001
 1.03817186e+001 8.63196112e+000 6.89282273e+000 5.16218139e+000 3.43791340e+000 1.71789444e+000 0.00000000e+000 -1.71789444e+000 -3.43791340e+000 -5.16218139e+000 -6.89282273e+000 -8.63196112e+000 -1.03817186e+001
 8.85522070e+000 7.36319318e+000 5.87999081e+000 4.40383667e+000 2.93296156e+000 1.46560233e+000 0.00000000e+000 -1.46560233e+000 -2.93296156e+000 -4.40383667e+000 -5.87999081e+000 -7.36319318e+000 -8.85522070e+000
 7.54229574e+000 6.27210434e+000 5.00909622e+000 3.75181991e+000 2.49883375e+000 1.24870352e+000 0.00000000e+000 -1.24870352e+000 -2.49883375e+000 -3.75181991e+000 -5.00909622e+000 -6.27210434e+000 -7.54229574e+000
 6.50333745e+000 5.40864904e+000 4.31986449e+000 3.23578945e+000 2.15523861e+000 1.07703346e+000 0.00000000e+000 -1.07703346e+000 -2.15523861e+000 -3.23578945e+000 -4.31986449e+000 -5.40864904e+000 -6.50333745e+000
 5.50269521e+000 4.57691647e+000 3.65587381e+000 2.73860914e+000 1.82417161e+000 9.11615823e-001 0.00000000e+000 -9.11615823e-001 -1.82417161e+000 -2.73860914e+000 -3.65587381e+000 -4.57691647e+000 -5.50269521e+000
 4.56583420e+000 3.79804496e+000 3.03398196e+000 2.27289200e+000 1.51402719e+000 7.56643618e-001 0.00000000e+000 -7.56643618e-001 -1.51402719e+000 -2.27289200e+000 -3.03398196e+000 -3.79804496e+000 -4.56583420e+000
 3.69799413e+000 3.07640237e+000 2.45768479e+000 1.84126114e+000 1.22655477e+000 6.12991769e-001 0.00000000e+000 -6.12991769e-001 -1.22655477e+000 -1.84126114e+000 -2.45768479e+000 -3.07640237e+000 -3.69799413e+000
 2.89217386e+000 2.40619908e+000 1.92238003e+000 1.44028209e+000 9.59472957e-001 4.79522062e-001 0.00000000e+000 -4.79522062e-001 -9.59472957e-001 -1.44028209e+000 -1.92238003e+000 -2.40619908e+000 -2.89217386e+000
 2.13442290e+000 1.77586908e+000 1.41885373e+000 1.06306704e+000 7.08200635e-001 3.53947170e-001 0.00000000e+000 -3.53947170e-001 -7.08200635e-001 -1.06306704e+000 -1.41885373e+000 -1.77586908e+000 -2.13442290e+000
 1.46930335e+000 1.22252388e+000 9.76779584e-001 7.31862202e-001 4.87564297e-001 2.43679037e-001 0.00000000e+000 -2.43679037e-001 -4.87564297e-001 -7.31862202e-001 -9.76779584e-001 -1.22252388e+000 -1.46930335e+000
 8.49269998e-001 7.06644835e-001 5.64609476e-001 4.23045335e-001 2.81834245e-001 1.40858350e-001 0.00000000e+000 -1.40858350e-001 -2.81834245e-001 -4.23045335e-001 -5.64609476e-001 -7.06644835e-001 -8.49269998e-001
