0.000000000000000000e+00
-6.764913423065177511e-04
-1.802456155853393582e-03
-3.502435655623026278e-03
-6.236996823375529075e-03
-1.150866474616552004e-02
-1.912105740844505242e-02
-2.963921485465537131e-02
-4.692498116451582213e-02
-7.249829202959690022e-02
-1.123440340330963405e-01
-1.745844560330229722e-01
-2.676649741318213316e-01
-3.988400353853565061e-01
-5.700834892346637872e-01
-7.553195256449969364e-01
-9.759543275544486640e-01
-1.207316087967110541e+00
-1.420432821905350806e+00
-1.595161603660240068e+00
-1.725792706880472149e+00
-1.810667844799880521e+00
-1.874866334607272700e+00
-1.917038337018620586e+00
-1.948495278527503149e+00
-1.979343630080371286e+00
-2.005034813022409601e+00
-2.028923892047210131e+00
-2.056945215430411089e+00
-2.087264862049920122e+00
-2.122423774345806091e+00
-2.163551057378508169e+00
-2.210362770905840435e+00
-2.262377780437884844e+00
-2.319000369835825914e+00
-2.374163224675942985e+00
-2.435729318379769914e+00
-2.499668391911975096e+00
-2.564533346115870138e+00
-2.629271429216716083e+00
-2.693149553612002034e+00
-2.750284213721574389e+00
-2.811735598641176725e+00
-2.871278929248617828e+00
-2.932725702654122912e+00
-3.005124895794041073e+00
-3.068984681519022040e+00
-3.126108793154969590e+00
-3.187552785099442065e+00
-3.247091487379798025e+00
-3.308535164501331671e+00
-3.372393779143510351e+00
-3.437207702632739448e+00
-3.501914023921963270e+00
-3.565772515559772593e+00
-3.622895868448070988e+00
-3.684339316589030133e+00
-3.748197773195911076e+00
-3.813011590280606100e+00
-3.877717840476371247e+00
-3.941576284422126264e+00
-3.998699607307585779e+00
-4.051358806123246836e+00
