 -3.77755398e+00 -3.23773793e+00 -2.69797179e+00 -2.15825853e+00 -1.61860129e+00 -1.07900340e+00 -5.39468394e-01 0.00000000e+00 5.39397815e-01 1.07872085e+00 1.61796466e+00 2.15712453e+00 2.69619547e+00 3.23517216e+00 3.77404901e+00 4.31282007e+00 4.85147902e+00 5.39001919e+00 5.92843349e+00 6.46671441e+00 7.00485399e+00
 -3.70024158e+00 -3.17139377e+00 -2.64261889e+00 -2.11392129e+00 -1.58530557e+00 -1.05677661e+00 -5.28339593e-01 0.00000000e+00 5.28236350e-01 1.05636329e+00 1.58437428e+00 2.11226239e+00 2.64002027e+00 3.16764012e+00 3.69511368e+00 4.22243218e+00 4.74958632e+00 5.27656623e+00 5.80336146e+00 6.32996090e+00 6.85635278e+00
 -3.61324146e+00 -3.09675039e+00 -2.58035390e+00 -2.06405763e+00 -1.54786757e+00 -1.03179006e+00 -5.15831822e-01 0.00000000e+00 5.15697847e-01 1.03125370e+00 1.54665905e+00 2.06190487e+00 2.57698161e+00 3.09187910e+00 3.60658659e+00 4.12109264e+00 4.63538513e+00 5.14945121e+00 5.66327722e+00 6.17684868e+00 6.69015021e+00
 -3.52573148e+00 -3.02168420e+00 -2.51774887e+00 -2.01393216e+00 -1.51024117e+00 -1.00668341e+00 -5.03266874e-01 0.00000000e+00 5.03108241e-01 1.00604834e+00 1.50881021e+00 2.01138314e+00 2.51375580e+00 3.01591613e+00 3.51785135e+00 4.01954791e+00 4.52099141e+00 5.02216659e+00 5.52305721e+00 6.02364607e+00 6.52391490e+00
 -3.43292386e+00 -2.94208825e+00 -2.45137860e+00 -1.96080245e+00 -1.47036779e+00 -9.80083083e-01 -4.89957311e-01 0.00000000e+00 4.89778748e-01 9.79368215e-01 1.46875704e+00 1.95793315e+00 2.44688375e+00 2.93559528e+00 3.42405331e+00 3.91224256e+00 4.40014679e+00 4.88774876e+00 5.37503019e+00 5.86197164e+00 6.34855248e+00
 -3.32169877e+00 -2.84671124e+00 -2.37186209e+00 -1.89715960e+00 -1.42261255e+00 -9.48230247e-01 -4.74022574e-01 0.00000000e+00 4.73826363e-01 9.47444730e-01 1.42084260e+00 1.89400670e+00 2.36692295e+00 2.83957642e+00 3.31195124e+00 3.78403059e+00 4.25579659e+00 4.72723027e+00 5.19831149e+00 5.66901884e+00 6.13932959e+00
 -3.22272877e+00 -2.76184979e+00 -2.30111824e+00 -1.84054293e+00 -1.38013323e+00 -9.19899044e-01 -4.59850915e-01 0.00000000e+00 4.59641856e-01 9.19062090e-01 1.37824737e+00 1.83718355e+00 2.29585562e+00 2.75424765e+00 3.21234273e+00 3.67012291e+00 4.12756913e+00 4.58466115e+00 5.04137747e+00 5.49769527e+00 5.95359030e+00
 -3.13210880e+00 -2.68415234e+00 -2.23635028e+00 -1.78871188e+00 -1.34124694e+00 -8.93965844e-01 -4.46879633e-01 0.00000000e+00 4.46660646e-01 8.93089139e-01 1.33927151e+00 1.78519294e+00 2.23083770e+00 2.67618908e+00 3.12122938e+00 3.56593977e+00 4.01030028e+00 4.45428969e+00 4.89788548e+00 5.34106371e+00 5.78379896e+00
 -3.02970123e+00 -2.59635235e+00 -2.16316454e+00 -1.73014742e+00 -1.29731123e+00 -8.64666807e-01 -4.32225663e-01 0.00000000e+00 4.31997236e-01 8.63752309e-01 1.29525065e+00 1.72647678e+00 2.15741430e+00 2.58804578e+00 3.01835273e+00 3.44831551e+00 3.87791329e+00 4.30712392e+00 4.73592388e+00 5.16428821e+00 5.59219036e+00
 -2.92562293e+00 -2.50712397e+00 -2.08879162e+00 -1.67063585e+00 -1.25266724e+00 -8.34897000e-01 -4.17337046e-01 0.00000000e+00 4.17100745e-01 8.33950977e-01 1.25053562e+00 1.66683866e+00 2.08284314e+00 2.49853101e+00 2.91388315e+00 3.32887924e+00 3.74349771e+00 4.15771565e+00 4.57150873e+00 4.98485111e+00 5.39771532e+00
 -2.81448005e+00 -2.41184293e+00 -2.00937714e+00 -1.60709296e+00 -1.20500126e+00 -8.03113582e-01 -4.01442167e-01 0.00000000e+00 4.01199143e-01 8.02140646e-01 1.20280900e+00 1.60318775e+00 2.00325943e+00 2.40300551e+00 2.80240629e+00 3.20144089e+00 3.60008713e+00 3.99832144e+00 4.39611880e+00 4.79345262e+00 5.19029466e+00
 -2.69659626e+00 -2.31078656e+00 -1.92515216e+00 -1.53970354e+00 -1.15445185e+00 -7.69408887e-01 -3.84587176e-01 0.00000000e+00 3.84338548e-01 7.68413517e-01 1.15220904e+00 1.53570829e+00 1.91889339e+00 2.30174539e+00 2.68424415e+00 3.06636829e+00 3.44809513e+00 3.82940057e+00 4.21025900e+00 4.59064325e+00 4.97052441e+00
 -2.57598983e+00 -2.20739879e+00 -1.83898632e+00 -1.47076309e+00 -1.10274045e+00 -7.34930427e-01 -3.67345766e-01 0.00000000e+00 3.67092519e-01 7.33916564e-01 1.10045598e+00 1.46669362e+00 1.83261128e+00 2.19818967e+00 2.56340827e+00 2.92824532e+00 3.29267772e+00 3.65668092e+00 4.02022886e+00 4.38329386e+00 4.74584649e+00
 -2.45256646e+00 -2.10159950e+00 -1.75081347e+00 -1.40021919e+00 -1.04982814e+00 -6.99652520e-01 -3.49705237e-01 0.00000000e+00 3.49448653e-01 6.98625297e-01 1.04751357e+00 1.39609609e+00 1.74435445e+00 2.09226908e+00 2.43981921e+00 2.78698280e+00 3.13373646e+00 3.48005532e+00 3.82591299e+00 4.17128144e+00 4.51613088e+00
 -2.32396737e+00 -1.99136769e+00 -1.65895015e+00 -1.32672565e+00 -9.94705748e-01 -6.62902705e-01 -3.31329525e-01 0.00000000e+00 3.31071238e-01 6.61868666e-01 9.92375817e-01 1.32257521e+00 1.65244831e+00 1.98197543e+00 2.31113569e+00 2.63990689e+00 2.96826551e+00 3.29618653e+00 3.62364340e+00 3.95060794e+00 4.27705016e+00
 -2.20593024e+00 -1.89019227e+00 -1.57463666e+00 -1.25927434e+00 -9.44116857e-01 -6.29176499e-01 -3.14466278e-01 0.00000000e+00 3.14207692e-01 6.28141263e-01 9.41784231e-01 1.25511911e+00 1.56812733e+00 1.88078922e+00 2.19308386e+00 2.50498906e+00 2.81648127e+00 3.12753548e+00 3.43812512e+00 3.74822198e+00 4.05779609e+00
 -2.08113238e+00 -1.78322410e+00 -1.48549776e+00 -1.18796424e+00 -8.90635094e-01 -5.93522553e-01 -2.96639599e-01 0.00000000e+00 2.96381642e-01 5.92489834e-01 8.88308142e-01 1.18381913e+00 1.47900429e+00 1.77384400e+00 2.06831740e+00 2.36240239e+00 2.65607547e+00 2.94931173e+00 3.24208468e+00 3.53436621e+00 3.82612645e+00
 -1.95129106e+00 -1.67193662e+00 -1.39276259e+00 -1.11377977e+00 -8.34999602e-01 -5.56434208e-01 -2.78096459e-01 0.00000000e+00 2.77840695e-01 5.55410273e-01 8.32692448e-01 1.10966994e+00 1.38632441e+00 1.66263642e+00 1.93858530e+00 2.21414916e+00 2.48930471e+00 2.76402728e+00 3.03829064e+00 3.31206695e+00 3.58532662e+00
 -1.81314371e+00 -1.55353526e+00 -1.29410402e+00 -1.03486059e+00 -7.75816202e-01 -5.16982758e-01 -2.58372892e-01 0.00000000e+00 2.58121711e-01 5.15977173e-01 7.73550399e-01 1.03082443e+00 1.28778128e+00 1.54440186e+00 1.80066590e+00 2.05655191e+00 2.31203707e+00 2.56709715e+00 2.82170645e+00 3.07583764e+00 3.32946173e+00
 -1.67263433e+00 -1.43311352e+00 -1.19376545e+00 -9.54600440e-01 -7.15629431e-01 -4.76864028e-01 -2.38316535e-01 0.00000000e+00 2.38071740e-01 4.75884007e-01 7.13421233e-01 9.50666906e-01 1.18760351e+00 1.42421245e+00 1.66047400e+00 1.89636725e+00 2.13186997e+00 2.36695860e+00 2.60160810e+00 2.83579191e+00 3.06948181e+00
 -1.53876016e+00 -1.31838035e+00 -1.09816842e+00 -8.78134411e-01 -6.58288948e-01 -4.38643303e-01 -2.19209430e-01 0.00000000e+00 2.18971546e-01 4.37690954e-01 6.56143107e-01 8.74311970e-01 1.09218053e+00 1.30973075e+00 1.52694347e+00 1.74379839e+00 1.96027394e+00 2.17634725e+00 2.39199403e+00 2.60718849e+00 2.82190328e+00
 -1.42150626e+00 -1.21789402e+00 -1.01444454e+00 -8.11167545e-01 -6.08073340e-01 -4.05172843e-01 -2.02477637e-01 0.00000000e+00 2.02247046e-01 4.04249692e-01 6.05993293e-01 8.07462317e-01 1.00864029e+00 1.20950972e+00 1.41005209e+00 1.61024771e+00 1.81007571e+00 2.00951394e+00 2.20853889e+00 2.40712560e+00 2.60524758e+00
 -1.29224715e+00 -1.10712456e+00 -9.22157487e-01 -7.37355216e-01 -5.52727584e-01 -3.68285021e-01 -1.84038585e-01 0.00000000e+00 1.83818302e-01 3.67403139e-01 5.50740531e-01 7.33815653e-01 9.16612779e-01 1.09911523e+00 1.28130532e+00 1.46316427e+00 1.64467216e+00 1.82580788e+00 2.00654900e+00 2.18687171e+00 2.36675076e+00
 -1.16529991e+00 -9.98340402e-01 -8.31528055e-01 -6.64871642e-01 -4.98380467e-01 -3.32064393e-01 -1.65933876e-01 0.00000000e+00 1.65725482e-01 3.31230107e-01 4.96500662e-01 6.61523134e-01 8.26282663e-01 9.90763486e-01 1.15494889e+00 1.31882113e+00 1.48236141e+00 1.64554976e+00 1.80836502e+00 1.97078470e+00 2.13278496e+00
 -1.03669851e+00 -8.88140640e-01 -7.39720888e-01 -5.91447488e-01 -4.43329167e-01 -2.95375177e-01 -1.47595322e-01 0.00000000e+00 1.47399769e-01 2.94592300e-01 4.41565203e-01 5.88305342e-01 7.34798785e-01 8.81030761e-01 1.02698560e+00 1.17264669e+00 1.31799639e+00 1.46301602e+00 1.60768574e+00 1.75198450e+00 1.89588997e+00
 -8.88073824e-01 -7.60787344e-01 -6.33627144e-01 -5.06600747e-01 -3.79716127e-01 -2.52981734e-01 -1.26406527e-01 0.00000000e+00 1.26227780e-01 2.52266141e-01 3.78103770e-01 5.03728674e-01 6.29128132e-01 7.54288661e-01 8.79195960e-01 1.00383486e+00 1.12818929e+00 1.25224218e+00 1.37597544e+00 1.49936988e+00 1.62240513e+00
 -7.57541378e-01 -6.48944145e-01 -5.40460610e-01 -4.32097542e-01 -3.23862112e-01 -2.15761926e-01 -1.07805042e-01 0.00000000e+00 1.07644145e-01 2.15117795e-01 3.22410778e-01 4.29512307e-01 5.36410949e-01 6.43094580e-01 7.49550348e-01 8.55764623e-01 9.61722952e-01 1.06741001e+00 1.17280954e+00 1.27790431e+00 1.38267603e+00
 -6.45073966e-01 -5.52583423e-01 -4.60194547e-01 -3.67913386e-01 -2.75746352e-01 -1.83700238e-01 -9.17822434e-02 0.00000000e+00 9.16384044e-02 1.83124397e-01 2.74448891e-01 3.65602255e-01 4.56574277e-01 5.47354135e-01 6.37930352e-01 7.28290763e-01 8.18422468e-01 9.08311791e-01 9.97944229e-01 1.08730440e+00 1.17637600e+00
 -5.34079174e-01 -4.57485132e-01 -3.80980669e-01 -3.04571111e-01 -2.28262102e-01 -1.52059625e-01 -7.59700184e-02 0.00000000e+00 7.58433105e-02 1.51552367e-01 2.27119173e-01 3.02535252e-01 3.77791619e-01 4.52878751e-01 5.27786553e-01 6.02504323e-01 6.77020717e-01 7.51323707e-01 8.25400542e-01 8.99237701e-01 9.72820848e-01
 -4.34674241e-01 -3.72319133e-01 -3.10042078e-01 -2.47847715e-01 -1.85740960e-01 -1.23727021e-01 -6.18114176e-02 0.00000000e+00 6.17010335e-02 1.23285114e-01 1.84745279e-01 2.46074152e-01 3.07263912e-01 3.68306271e-01 4.29192446e-01 4.89913124e-01 5.50458436e-01 6.10817919e-01 6.70980482e-01 7.30934366e-01 7.90667107e-01
 -3.34810902e-01 -2.86766730e-01 -2.38787119e-01 -1.90875905e-01 -1.43037150e-01 -9.52751609e-02 -4.75944995e-02 0.00000000e+00 4.75032149e-02 9.49097172e-02 1.42213754e-01 1.89409231e-01 2.36489688e-01 2.83448278e-01 3.30277746e-01 3.76970403e-01 4.23518099e-01 4.69912197e-01 5.16143540e-01 5.62202423e-01 6.08078560e-01
 -2.36335515e-01 -2.02411158e-01 -1.68535710e-01 -1.34712075e-01 -1.00943330e-01 -6.72327321e-02 -3.35837360e-02 0.00000000e+00 3.35145994e-02 6.69559547e-02 1.00319714e-01 1.33601266e-01 1.66795723e-01 1.99897910e-01 2.32902337e-01 2.65803193e-01 2.98594314e-01 3.31269173e-01 3.63820849e-01 3.96242009e-01 4.28524882e-01
 -1.48759567e-01 -1.27399967e-01 -1.06073017e-01 -8.47806557e-02 -6.35249338e-02 -4.23080256e-02 -2.11322343e-02 0.00000000e+00 2.10860922e-02 4.21233035e-02 6.31087322e-02 8.40393042e-02 1.04911762e-01 1.25722656e-01 1.46468328e-01 1.67144905e-01 1.87748282e-01 2.08274110e-01 2.28717781e-01 2.49074412e-01 2.69338828e-01
 -8.04783853e-02 -6.89222272e-02 -5.73839428e-02 -4.58645919e-02 -3.43652972e-02 -2.28872479e-02 -1.14317040e-02 0.00000000e+00 1.14064502e-02 2.27861487e-02 3.41375089e-02 4.54588498e-02 5.67483908e-02 6.80042452e-02 7.92244146e-02 9.04067817e-02 1.01549103e-01 1.12649003e-01 1.23703964e-01 1.34711317e-01 1.45668239e-01
 -3.52173073e-02 -3.01632838e-02 -2.51161932e-02 -2.00764464e-02 -1.50444788e-02 -1.00207514e-02 -5.00575264e-03 0.00000000e+00 4.99595844e-03 9.98154207e-03 1.49561358e-02 1.99190882e-02 2.48697091e-02 2.98072673e-02 3.47309883e-02 3.96400518e-02 4.45335885e-02 4.94106779e-02 5.42703446e-02 5.91115554e-02 6.39332158e-02
 6.29108381e-05 5.53988890e-05 4.74418264e-05 3.90132753e-05 3.00852977e-05 2.06283002e-05 1.06109358e-05 0.00000000e+00 -1.12396793e-05 -2.31453584e-05 -3.57565012e-05 -4.91149101e-05 -6.32648647e-05 -7.82532683e-05 -9.41298037e-05 -1.10947098e-04 -1.28760896e-04 -1.47630247e-04 -1.67617698e-04 -1.88789505e-04 -2.11215847e-04
 5.48877486e-02 4.70371028e-02 3.91893343e-02 3.13446139e-02 2.35031228e-02 1.56650526e-02 7.83060656e-03 0.00000000e+00 -7.82653896e-03 -1.56487686e-02 -2.34664328e-02 -3.12792601e-02 -3.90869630e-02 -4.68892367e-02 -5.46857582e-02 -6.24761854e-02 -7.02601554e-02 -7.80372839e-02 -8.58071637e-02 -9.35693628e-02 -1.01323424e-01
 1.18000883e-01 1.01156796e-01 8.43087318e-02 6.74564553e-02 5.05997164e-02 3.37382505e-02 1.68717773e-02 0.00000000e+00 -1.68773960e-02 -3.37607438e-02 -5.06503963e-02 -6.75467276e-02 -8.44501336e-02 -1.01361034e-01 -1.18279873e-01 -1.35207122e-01 -1.52143280e-01 -1.69088874e-01 -1.86044466e-01 -2.03010648e-01 -2.19988049e-01
 1.59180506e-01 1.36534306e-01 1.13859789e-01 9.11552751e-02 6.84189827e-02 4.56490253e-02 2.28434037e-02 0.00000000e+00 -2.28834301e-02 -4.58092643e-02 -6.87800220e-02 -9.17983729e-02 -1.14867146e-01 -1.37989337e-01 -1.61168124e-01 -1.84406872e-01 -2.07709147e-01 -2.31078729e-01 -2.54519624e-01 -2.78036076e-01 -3.01632583e-01
 1.79813988e-01 1.54306618e-01 1.28744848e-01 1.03125450e-01 7.74450001e-02 5.16998742e-02 2.58862308e-02 0.00000000e+00 -2.59631306e-02 -5.20077300e-02 -7.81386399e-02 -1.04360990e-01 -1.30680217e-01 -1.57102080e-01 -1.83632684e-01 -2.10278497e-01 -2.37046373e-01 -2.63943578e-01 -2.90977810e-01 -3.18157228e-01 -3.45490480e-01
 1.96391538e-01 1.68521712e-01 1.40595746e-01 1.12610309e-01 8.45618697e-02 5.64466866e-02 2.82607964e-02 0.00000000e+00 -2.83401522e-02 -5.67643745e-02 -8.52776621e-02 -1.13885308e-01 -1.42592920e-01 -1.71406442e-01 -2.00332171e-01 -2.29376780e-01 -2.58547340e-01 -2.87851346e-01 -3.17296739e-01 -3.46891936e-01 -3.76645857e-01
 2.07958848e-01 1.78398597e-01 1.48793654e-01 1.19141366e-01 8.94389238e-02 5.96833493e-02 2.98714887e-02 0.00000000e+00 -2.99346574e-02 -5.99362350e-02 -9.00087076e-02 -1.20156287e-01 -1.50383434e-01 -1.80694879e-01 -2.11095630e-01 -2.41590996e-01 -2.72186604e-01 -3.02888413e-01 -3.33702740e-01 -3.64636280e-01 -3.95696125e-01
 2.11403205e-01 1.81340258e-01 1.51235830e-01 1.21087459e-01 9.08925365e-02 6.06482997e-02 3.03518213e-02 0.00000000e+00 -3.04104500e-02 -6.08830102e-02 -9.14213689e-02 -1.22029434e-01 -1.52711348e-01 -1.83471496e-01 -2.14314528e-01 -2.45245369e-01 -2.76269240e-01 -3.07391672e-01 -3.38618525e-01 -3.69956009e-01 -4.01410707e-01
 2.08527962e-01 1.78899778e-01 1.49222869e-01 1.19494344e-01 8.97111384e-02 5.98700065e-02 2.99675084e-02 0.00000000e+00 -3.00363797e-02 -6.01457216e-02 -9.03323604e-02 -1.20600889e-01 -1.50956173e-01 -1.81403370e-01 -2.11947944e-01 -2.42595684e-01 -2.73352727e-01 -3.04225574e-01 -3.35221115e-01 -3.66346652e-01 -3.97609924e-01
 2.06885314e-01 1.77525362e-01 1.48106562e-01 1.18625420e-01 8.90782341e-02 5.94610806e-02 2.97698038e-02 0.00000000e+00 -2.98529969e-02 -5.97941312e-02 -8.98286417e-02 -1.19962080e-01 -1.50200328e-01 -1.80549620e-01 -2.11016562e-01 -2.41608154e-01 -2.72331816e-01 -3.03195409e-01 -3.34207266e-01 -3.65376220e-01 -3.96711632e-01
 2.12576018e-01 1.82437522e-01 1.52229801e-01 1.21948741e-01 9.15899872e-02 6.11489220e-02 3.06206540e-02 0.00000000e+00 -3.07185322e-02 -6.15407626e-02 -9.24728584e-02 -1.23521355e-01 -1.54693179e-01 -1.85995669e-01 -2.17436604e-01 -2.49024228e-01 -2.80767278e-01 -3.12675015e-01 -3.44757255e-01 -3.77024403e-01 -4.09487485e-01
 2.27079240e-01 1.94884302e-01 1.62615480e-01 1.30268385e-01 9.78383661e-02 6.53204955e-02 3.27095512e-02 0.00000000e+00 -3.28140214e-02 -6.57387264e-02 -9.87806991e-02 -1.31946917e-01 -1.65244775e-01 -1.98682109e-01 -2.32267226e-01 -2.66008927e-01 -2.99916543e-01 -3.33999962e-01 -3.68269667e-01 -4.02736769e-01 -4.37413047e-01
 2.41869312e-01 2.07562270e-01 1.73181115e-01 1.38721442e-01 1.04178587e-01 6.95476057e-02 3.48232602e-02 0.00000000e+00 -3.49280567e-02 -6.99671427e-02 -1.05123863e-01 -1.40405216e-01 -1.75818621e-01 -2.11371939e-01 -2.47073500e-01 -2.82932137e-01 -3.18957207e-01 -3.55158630e-01 -3.91546923e-01 -4.28133231e-01 -4.64929371e-01
 2.48769499e-01 2.13465351e-01 1.78090516e-01 1.42640796e-01 1.07111740e-01 7.14986348e-02 3.57964858e-02 0.00000000e+00 -3.58964311e-02 -7.18987504e-02 -1.08013256e-01 -1.44246621e-01 -1.80605918e-01 -2.17098642e-01 -2.53732737e-01 -2.90516621e-01 -3.27459216e-01 -3.64569979e-01 -4.01858934e-01 -4.39336706e-01 -4.77014557e-01
 2.40262201e-01 2.06146968e-01 1.71969013e-01 1.37724612e-01 1.03409817e-01 6.90204482e-02 3.45520739e-02 0.00000000e+00 -3.46407479e-02 -6.93754406e-02 -1.04209663e-01 -1.39149334e-01 -1.74200726e-01 -2.09370483e-01 -2.44665650e-01 -2.80093690e-01 -3.15662514e-01 -3.51380506e-01 -3.87256552e-01 -4.23300068e-01 -4.59521039e-01
 2.09811643e-01 1.80001346e-01 1.50141942e-01 1.20230517e-01 9.02639807e-02 6.02390617e-02 3.01522926e-02 0.00000000e+00 -3.02217084e-02 -6.05169565e-02 -9.08901142e-02 -1.21345812e-01 -1.51888955e-01 -1.82524743e-01 -2.13258684e-01 -2.44096617e-01 -2.75044728e-01 -3.06109572e-01 -3.37298097e-01 -3.68617667e-01 -4.00076085e-01
 1.47919921e-01 1.26907306e-01 1.05858852e-01 8.47724327e-02 6.36457964e-02 4.24765561e-02 2.12621835e-02 0.00000000e+00 -2.13128322e-02 -4.26793198e-02 -6.41026483e-02 -8.55861924e-02 -1.07133528e-01 -1.28748444e-01 -1.50434953e-01 -1.72197311e-01 -1.94040022e-01 -2.15967862e-01 -2.37985890e-01 -2.60099469e-01 -2.82314279e-01
 4.56814410e-02 3.92730891e-02 3.28292696e-02 2.63478787e-02 1.98266880e-02 1.32633368e-02 6.65532395e-03 0.00000000e+00 -6.70544199e-03 -1.34639757e-02 -2.02787515e-02 -2.71531069e-02 -3.40905779e-02 -4.10949107e-02 -4.81700741e-02 -5.53202731e-02 -6.25499628e-02 -6.98638632e-02 -7.72669755e-02 -8.47645983e-02 -9.23623459e-02
 -1.02871267e-01 -8.80024916e-02 -7.31858646e-02 -5.84244821e-02 -4.37216244e-02 -2.90807667e-02 -1.45055914e-02 0.00000000e+00 1.44318738e-02 2.87856498e-02 4.30566869e-02 5.72400675e-02 7.13305805e-02 8.53227041e-02 9.92105869e-02 1.12988028e-01 1.26648457e-01 1.40184910e-01 1.53590006e-01 1.66855924e-01 1.79974375e-01
 -3.00584982e-01 -2.57366234e-01 -2.14231340e-01 -1.71185286e-01 -1.28233357e-01 -8.53811504e-02 -4.26346020e-02 0.00000000e+00 4.25159907e-02 8.49063066e-02 1.27163461e-01 1.69279519e-01 2.11246071e-01 2.53054200e-01 2.94694457e-01 3.36156824e-01 3.77430680e-01 4.18504766e-01 4.59367145e-01 5.00005159e-01 5.40405387e-01
 -5.25642711e-01 -4.50156169e-01 -3.74788659e-01 -2.99547267e-01 -2.24439503e-01 -1.49473329e-01 -7.46571802e-02 0.00000000e+00 7.44887326e-02 1.48798970e-01 2.22920059e-01 2.96840710e-01 3.70548949e-01 4.44032086e-01 5.17276661e-01 5.90268406e-01 6.62992189e-01 7.35431962e-01 8.07570709e-01 8.79390377e-01 9.50871822e-01
 -8.22586212e-01 -7.04575502e-01 -5.86715070e-01 -4.69013871e-01 -3.51481398e-01 -2.34127710e-01 -1.16963476e-01 0.00000000e+00 1.16750730e-01 2.33276008e-01 3.49562359e-01 4.65595499e-01 5.81360279e-01 6.96840636e-01 8.12019536e-01 9.26878912e-01 1.04139960e+00 1.15556128e+00 1.26934239e+00 1.38272004e+00 1.49566998e+00
 -1.19177287e+00 -1.02103042e+00 -8.50435446e-01 -6.79996760e-01 -5.09723685e-01 -3.39626107e-01 -1.69714507e-01 0.00000000e+00 1.69505633e-01 3.38789897e-01 5.07839544e-01 6.76640524e-01 8.45177936e-01 1.01343598e+00 1.18139788e+00 1.34904587e+00 1.51636108e+00 1.68332349e+00 1.84991186e+00 2.01610366e+00 2.18187497e+00
 -1.62170192e+00 -1.38984627e+00 -1.15804606e+00 -9.26304606e-01 -6.94625423e-01 -4.63012248e-01 -2.31469040e-01 0.00000000e+00 2.31390415e-01 4.62697478e-01 6.93916171e-01 9.25041170e-01 1.15606683e+00 1.38698714e+00 1.61779575e+00 1.84848589e+00 2.07905040e+00 2.30948163e+00 2.53977151e+00 2.76991144e+00 2.99989226e+00
 -2.08351391e+00 -1.78658368e+00 -1.48943795e+00 -1.19206389e+00 -8.94447912e-01 -5.96575603e-01 -2.98431694e-01 0.00000000e+00 2.98736635e-01 5.97796396e-01 8.97198559e-01 1.19696356e+00 1.49711305e+00 1.79767001e+00 2.09865879e+00 2.40010519e+00 2.70203659e+00 3.00448203e+00 3.30747227e+00 3.61103998e+00 3.91521976e+00
 -2.52470446e+00 -2.16668542e+00 -1.80786643e+00 -1.44819983e+00 -1.08763508e+00 -7.26118610e-01 -3.63593650e-01 0.00000000e+00 3.64726153e-01 7.30652464e-01 1.09785066e+00 1.46639681e+00 1.83637155e+00 2.20786041e+00 2.58095407e+00 2.95574874e+00 3.33234643e+00 3.71085537e+00 4.09139036e+00 4.47407318e+00 4.85903307e+00
 -2.83953571e+00 -2.43975198e+00 -2.03820014e+00 -1.63477478e+00 -1.22936414e+00 -8.21849768e-01 -4.12106098e-01 0.00000000e+00 4.14609666e-01 8.31872546e-01 1.25194731e+00 1.67500221e+00 2.10121568e+00 2.53077692e+00 2.96388662e+00 3.40075765e+00 3.84161579e+00 4.28670056e+00 4.73626610e+00 5.19058202e+00 5.64993444e+00
 -2.97616074e+00 -2.56174980e+00 -2.14409626e+00 -1.72300675e+00 -1.29827627e+00 -8.69687543e-01 -4.37010194e-01 0.00000000e+00 4.41601978e-01 8.88070289e-01 1.33969605e+00 1.79678798e+00 2.25967346e+00 2.72869970e+00 3.20423496e+00 3.68666987e+00 4.17641880e+00 4.67392137e+00 5.17964399e+00 5.69408159e+00 6.21775938e+00
